inital accuracy: 67.0
Accuracy for range values: 0.0 [1, 79.59854034880641, 94.3482780456543, 109.09801574250218, 255]
The most sensitive bin here is: [0.0, 0.0, 0.0, 0.0] 0
New Range Values: [1, 40.299270174403205, 79.59854034880641, 94.3482780456543, 109.09801574250218, 255] 6
Accuracy for range values: 0.0 [1, 40.299270174403205, 79.59854034880641, 94.3482780456543, 109.09801574250218, 255]
The most sensitive bin here is: [68.0, 0.0, 0.0, 0.0, 0.0] 1
New Range Values: [1, 40.299270174403205, 59.94890526160481, 79.59854034880641, 94.3482780456543, 109.09801574250218, 255] 7
Accuracy for range values: 0.0 [1, 40.299270174403205, 59.94890526160481, 79.59854034880641, 94.3482780456543, 109.09801574250218, 255]
The most sensitive bin here is: [68.0, 68.0, 0.0, 0.0, 0.0, 0.0] 2
New Range Values: [1, 40.299270174403205, 59.94890526160481, 69.77372280520561, 79.59854034880641, 94.3482780456543, 109.09801574250218, 255] 8
Accuracy for range values: 0.0 [1, 40.299270174403205, 59.94890526160481, 69.77372280520561, 79.59854034880641, 94.3482780456543, 109.09801574250218, 255]
The most sensitive bin here is: [68.0, 68.0, 57.0, 0.0, 0.0, 0.0, 0.0] 3
New Range Values: [1, 40.299270174403205, 59.94890526160481, 69.77372280520561, 74.68613157700601, 79.59854034880641, 94.3482780456543, 109.09801574250218, 255] 9
Accuracy for range values: 0.0 [1, 40.299270174403205, 59.94890526160481, 69.77372280520561, 74.68613157700601, 79.59854034880641, 94.3482780456543, 109.09801574250218, 255]
The most sensitive bin here is: [69.0, 68.0, 57.0, 52.0, 9.0, 0.0, 0.0, 0.0] 5
New Range Values: [1, 40.299270174403205, 59.94890526160481, 69.77372280520561, 74.68613157700601, 79.59854034880641, 86.97340919723035, 94.3482780456543, 109.09801574250218, 255] 10
Accuracy for range values: 0.0 [1, 40.299270174403205, 59.94890526160481, 69.77372280520561, 74.68613157700601, 79.59854034880641, 86.97340919723035, 94.3482780456543, 109.09801574250218, 255]
The most sensitive bin here is: [68.0, 68.0, 57.0, 51.0, 9.0, 0.0, 0.0, 0.0, 0.0] 5
New Range Values: [1, 40.299270174403205, 59.94890526160481, 69.77372280520561, 74.68613157700601, 79.59854034880641, 83.28597477301838, 86.97340919723035, 94.3482780456543, 109.09801574250218, 255] 11
Accuracy for range values: 0.0 [1, 40.299270174403205, 59.94890526160481, 69.77372280520561, 74.68613157700601, 79.59854034880641, 83.28597477301838, 86.97340919723035, 94.3482780456543, 109.09801574250218, 255]
The most sensitive bin here is: [68.0, 68.0, 57.0, 52.0, 9.0, 5.0, 5.0, 0.0, 0.0, 0.0] 7
New Range Values: [1, 40.299270174403205, 59.94890526160481, 69.77372280520561, 74.68613157700601, 79.59854034880641, 83.28597477301838, 86.97340919723035, 90.66084362144233, 94.3482780456543, 109.09801574250218, 255] 12
Accuracy for range values: 0.0 [1, 40.299270174403205, 59.94890526160481, 69.77372280520561, 74.68613157700601, 79.59854034880641, 83.28597477301838, 86.97340919723035, 90.66084362144233, 94.3482780456543, 109.09801574250218, 255]
The most sensitive bin here is: [68.0, 69.0, 57.0, 51.0, 9.0, 5.0, 5.0, 0.0, 0.0, 0.0, 0.0] 7
New Range Values: [1, 40.299270174403205, 59.94890526160481, 69.77372280520561, 74.68613157700601, 79.59854034880641, 83.28597477301838, 86.97340919723035, 88.81712640933634, 90.66084362144233, 94.3482780456543, 109.09801574250218, 255] 13
Accuracy for range values: 0.0 [1, 40.299270174403205, 59.94890526160481, 69.77372280520561, 74.68613157700601, 79.59854034880641, 83.28597477301838, 86.97340919723035, 88.81712640933634, 90.66084362144233, 94.3482780456543, 109.09801574250218, 255]
The most sensitive bin here is: [68.0, 68.0, 57.0, 51.0, 9.0, 5.0, 5.0, 25.0, 16.0, 0.0, 0.0, 0.0] 9
New Range Values: [1, 40.299270174403205, 59.94890526160481, 69.77372280520561, 74.68613157700601, 79.59854034880641, 83.28597477301838, 86.97340919723035, 88.81712640933634, 90.66084362144233, 92.50456083354831, 94.3482780456543, 109.09801574250218, 255] 14
Accuracy for range values: 0.0 [1, 40.299270174403205, 59.94890526160481, 69.77372280520561, 74.68613157700601, 79.59854034880641, 83.28597477301838, 86.97340919723035, 88.81712640933634, 90.66084362144233, 92.50456083354831, 94.3482780456543, 109.09801574250218, 255]
The most sensitive bin here is: [68.0, 68.0, 57.0, 51.0, 9.0, 5.0, 5.0, 25.0, 16.0, 15.0, 8.0, 0.0, 0.0] 11
New Range Values: [1, 40.299270174403205, 59.94890526160481, 69.77372280520561, 74.68613157700601, 79.59854034880641, 83.28597477301838, 86.97340919723035, 88.81712640933634, 90.66084362144233, 92.50456083354831, 94.3482780456543, 101.72314689407824, 109.09801574250218, 255] 15
Accuracy for range values: 0.0 [1, 40.299270174403205, 59.94890526160481, 69.77372280520561, 74.68613157700601, 79.59854034880641, 83.28597477301838, 86.97340919723035, 88.81712640933634, 90.66084362144233, 92.50456083354831, 94.3482780456543, 101.72314689407824, 109.09801574250218, 255]
The most sensitive bin here is: [68.0, 68.0, 57.0, 52.0, 9.0, 5.0, 5.0, 25.0, 16.0, 15.0, 8.0, 0.0, 0.0, 0.0] 11
New Range Values: [1, 40.299270174403205, 59.94890526160481, 69.77372280520561, 74.68613157700601, 79.59854034880641, 83.28597477301838, 86.97340919723035, 88.81712640933634, 90.66084362144233, 92.50456083354831, 94.3482780456543, 98.03571246986627, 101.72314689407824, 109.09801574250218, 255] 16
Accuracy for range values: 0.0 [1, 40.299270174403205, 59.94890526160481, 69.77372280520561, 74.68613157700601, 79.59854034880641, 83.28597477301838, 86.97340919723035, 88.81712640933634, 90.66084362144233, 92.50456083354831, 94.3482780456543, 98.03571246986627, 101.72314689407824, 109.09801574250218, 255]
The most sensitive bin here is: [68.0, 68.0, 57.0, 52.0, 9.0, 5.0, 5.0, 25.0, 16.0, 15.0, 8.0, 0.0, 0.0, 0.0, 0.0] 11
New Range Values: [1, 40.299270174403205, 59.94890526160481, 69.77372280520561, 74.68613157700601, 79.59854034880641, 83.28597477301838, 86.97340919723035, 88.81712640933634, 90.66084362144233, 92.50456083354831, 94.3482780456543, 96.19199525776028, 98.03571246986627, 101.72314689407824, 109.09801574250218, 255] 17
Accuracy for range values: 0.0 [1, 40.299270174403205, 59.94890526160481, 69.77372280520561, 74.68613157700601, 79.59854034880641, 83.28597477301838, 86.97340919723035, 88.81712640933634, 90.66084362144233, 92.50456083354831, 94.3482780456543, 96.19199525776028, 98.03571246986627, 101.72314689407824, 109.09801574250218, 255]
The most sensitive bin here is: [68.0, 68.0, 58.0, 51.0, 9.0, 5.0, 5.0, 24.0, 16.0, 15.0, 8.0, 7.0, 7.0, 0.0, 0.0, 0.0] 13
New Range Values: [1, 40.299270174403205, 59.94890526160481, 69.77372280520561, 74.68613157700601, 79.59854034880641, 83.28597477301838, 86.97340919723035, 88.81712640933634, 90.66084362144233, 92.50456083354831, 94.3482780456543, 96.19199525776028, 98.03571246986627, 99.87942968197225, 101.72314689407824, 109.09801574250218, 255] 18
Accuracy for range values: 0.0 [1, 40.299270174403205, 59.94890526160481, 69.77372280520561, 74.68613157700601, 79.59854034880641, 83.28597477301838, 86.97340919723035, 88.81712640933634, 90.66084362144233, 92.50456083354831, 94.3482780456543, 96.19199525776028, 98.03571246986627, 99.87942968197225, 101.72314689407824, 109.09801574250218, 255]
The most sensitive bin here is: [68.0, 69.0, 57.0, 51.0, 9.0, 5.0, 5.0, 25.0, 16.0, 15.0, 8.0, 7.0, 7.0, 53.0, 6.0, 0.0, 0.0] 15
New Range Values: [1, 40.299270174403205, 59.94890526160481, 69.77372280520561, 74.68613157700601, 79.59854034880641, 83.28597477301838, 86.97340919723035, 88.81712640933634, 90.66084362144233, 92.50456083354831, 94.3482780456543, 96.19199525776028, 98.03571246986627, 99.87942968197225, 101.72314689407824, 105.41058131829021, 109.09801574250218, 255] 19
Accuracy for range values: 0.0 [1, 40.299270174403205, 59.94890526160481, 69.77372280520561, 74.68613157700601, 79.59854034880641, 83.28597477301838, 86.97340919723035, 88.81712640933634, 90.66084362144233, 92.50456083354831, 94.3482780456543, 96.19199525776028, 98.03571246986627, 99.87942968197225, 101.72314689407824, 105.41058131829021, 109.09801574250218, 255]
The most sensitive bin here is: [68.0, 68.0, 57.0, 51.0, 9.0, 5.0, 5.0, 25.0, 16.0, 15.0, 8.0, 8.0, 7.0, 53.0, 6.0, 0.0, 0.0, 0.0] 15
New Range Values: [1, 40.299270174403205, 59.94890526160481, 69.77372280520561, 74.68613157700601, 79.59854034880641, 83.28597477301838, 86.97340919723035, 88.81712640933634, 90.66084362144233, 92.50456083354831, 94.3482780456543, 96.19199525776028, 98.03571246986627, 99.87942968197225, 101.72314689407824, 103.56686410618423, 105.41058131829021, 109.09801574250218, 255] 20
Accuracy for range values: 0.0 [1, 40.299270174403205, 59.94890526160481, 69.77372280520561, 74.68613157700601, 79.59854034880641, 83.28597477301838, 86.97340919723035, 88.81712640933634, 90.66084362144233, 92.50456083354831, 94.3482780456543, 96.19199525776028, 98.03571246986627, 99.87942968197225, 101.72314689407824, 103.56686410618423, 105.41058131829021, 109.09801574250218, 255]
The most sensitive bin here is: [68.0, 68.0, 57.0, 51.0, 9.0, 5.0, 5.0, 25.0, 16.0, 15.0, 8.0, 7.0, 7.0, 53.0, 6.0, 5.0, 20.0, 0.0, 0.0] 17
New Range Values: [1, 40.299270174403205, 59.94890526160481, 69.77372280520561, 74.68613157700601, 79.59854034880641, 83.28597477301838, 86.97340919723035, 88.81712640933634, 90.66084362144233, 92.50456083354831, 94.3482780456543, 96.19199525776028, 98.03571246986627, 99.87942968197225, 101.72314689407824, 103.56686410618423, 105.41058131829021, 107.2542985303962, 109.09801574250218, 255] 21
Accuracy for range values: 0.0 [1, 40.299270174403205, 59.94890526160481, 69.77372280520561, 74.68613157700601, 79.59854034880641, 83.28597477301838, 86.97340919723035, 88.81712640933634, 90.66084362144233, 92.50456083354831, 94.3482780456543, 96.19199525776028, 98.03571246986627, 99.87942968197225, 101.72314689407824, 103.56686410618423, 105.41058131829021, 107.2542985303962, 109.09801574250218, 255]
The most sensitive bin here is: [68.0, 68.0, 57.0, 52.0, 9.0, 5.0, 5.0, 25.0, 15.0, 15.0, 8.0, 8.0, 7.0, 54.0, 6.0, 5.0, 20.0, 23.0, 34.0, 0.0] 19
New Range Values: [1, 40.299270174403205, 59.94890526160481, 69.77372280520561, 74.68613157700601, 79.59854034880641, 83.28597477301838, 86.97340919723035, 88.81712640933634, 90.66084362144233, 92.50456083354831, 94.3482780456543, 96.19199525776028, 98.03571246986627, 99.87942968197225, 101.72314689407824, 103.56686410618423, 105.41058131829021, 107.2542985303962, 109.09801574250218, 182.0490078712511, 255] 22
Accuracy for range values: 0.0 [1, 40.299270174403205, 59.94890526160481, 69.77372280520561, 74.68613157700601, 79.59854034880641, 83.28597477301838, 86.97340919723035, 88.81712640933634, 90.66084362144233, 92.50456083354831, 94.3482780456543, 96.19199525776028, 98.03571246986627, 99.87942968197225, 101.72314689407824, 103.56686410618423, 105.41058131829021, 107.2542985303962, 109.09801574250218, 182.0490078712511, 255]
The most sensitive bin here is: [68.0, 68.0, 57.0, 51.0, 9.0, 5.0, 5.0, 25.0, 16.0, 15.0, 8.0, 7.0, 7.0, 53.0, 6.0, 5.0, 20.0, 23.0, 34.0, 0.0, 68.0] 19
New Range Values: [1, 40.299270174403205, 59.94890526160481, 69.77372280520561, 74.68613157700601, 79.59854034880641, 83.28597477301838, 86.97340919723035, 88.81712640933634, 90.66084362144233, 92.50456083354831, 94.3482780456543, 96.19199525776028, 98.03571246986627, 99.87942968197225, 101.72314689407824, 103.56686410618423, 105.41058131829021, 107.2542985303962, 109.09801574250218, 145.57351180687664, 182.0490078712511, 255] 23
Accuracy for range values: 6.0 [1, 40.299270174403205, 59.94890526160481, 69.77372280520561, 74.68613157700601, 79.59854034880641, 83.28597477301838, 86.97340919723035, 88.81712640933634, 90.66084362144233, 92.50456083354831, 94.3482780456543, 96.19199525776028, 98.03571246986627, 99.87942968197225, 101.72314689407824, 103.56686410618423, 105.41058131829021, 107.2542985303962, 109.09801574250218, 145.57351180687664, 182.0490078712511, 255]
The most sensitive bin here is: [68.0, 68.0, 57.0, 51.0, 9.0, 5.0, 5.0, 25.0, 16.0, 15.0, 8.0, 7.0, 7.0, 53.0, 6.0, 5.0, 20.0, 22.0, 34.0, 0.0, 67.0, 68.0] 19
New Range Values: [1, 40.299270174403205, 59.94890526160481, 69.77372280520561, 74.68613157700601, 79.59854034880641, 83.28597477301838, 86.97340919723035, 88.81712640933634, 90.66084362144233, 92.50456083354831, 94.3482780456543, 96.19199525776028, 98.03571246986627, 99.87942968197225, 101.72314689407824, 103.56686410618423, 105.41058131829021, 107.2542985303962, 109.09801574250218, 127.33576377468941, 145.57351180687664, 182.0490078712511, 255] 24
Accuracy for range values: 66.0 [1, 40.299270174403205, 59.94890526160481, 69.77372280520561, 74.68613157700601, 79.59854034880641, 83.28597477301838, 86.97340919723035, 88.81712640933634, 90.66084362144233, 92.50456083354831, 94.3482780456543, 96.19199525776028, 98.03571246986627, 99.87942968197225, 101.72314689407824, 103.56686410618423, 105.41058131829021, 107.2542985303962, 109.09801574250218, 127.33576377468941, 145.57351180687664, 182.0490078712511, 255]
